1.3429999999999733	139.39999999999577	20.300000000002115	57.362715519826246	60.27518724836317	2317.038692279992	2414.9423793648893	37.126692613531	117.80728979769553
1.3429999999999733	139.49999999999577	20.250000000002117	56.19688410166623	61.391408464752516	1276.0710509141275	1373.171797774394	10.234021286302857	91.2333077982558
1.3429999999999733	139.59999999999576	20.20000000000212	55.39662511186981	62.14204203148771	970.3966809659405	1066.6928518562327	4.018607604714878	85.33048679421515
1.3429999999999733	139.69999999999575	20.150000000002123	54.74341327308436	62.74561318970363	809.5284341855291	905.0184153899065	1.560619304467671	83.17894660408868
1.3429999999999733	139.79999999999575	20.100000000002126	54.17582236620987	63.26354812216444	706.3646566725813	801.0468567294158	0.48604001979356193	82.4046229992706
1.3429999999999733	139.89999999999574	20.05000000000213	53.66604926290823	63.72364992075376	633.0173022648694	726.8901521926543	0.06881958456555824	82.28141801166134
1.3429999999999733	139.99999999999574	20.00000000000213	53.19869626376886	64.14131624830848	577.43011718173	670.4920707058626	0.009261579050520843	82.50958748705276
1.3429999999999733	140.09999999999573	19.950000000002134	52.76417790279483	64.52613253413217	533.4276958217835	625.6772296022649	0.16100543786241453	82.94272319983243
1.3429999999999733	140.19999999999573	19.900000000002137	52.35604712731439	64.8845457940829	497.4761915847878	588.911805444842	0.4443546882041826	83.50108109809402
1.3429999999999733	140.29999999999572	19.85000000000214	51.969721465702115	65.22113846285164	467.38796826517313	558.0081854207839	0.8124735366171829	84.13777789737443
1.3429999999999733	140.3999999999957	19.800000000002143	51.601805614911356	65.53930580642928	441.72663541213296	531.5300027025073	1.2362472395408948	84.82365145832404
1.3429999999999733	140.4999999999957	19.750000000002146	51.24970098346501	65.8416463791152	419.5048395346956	508.489927653625	1.6967864117986502	85.53976510242488
1.3429999999999733	140.5999999999957	19.70000000000215	50.91136628582318	66.13020142914918	400.0184991991902	488.18390292733403	2.181421487179657	86.27340207992904
1.3429999999999733	140.6999999999957	19.65000000000215	50.5851633732081	66.4066090678858	382.7501847194851	470.09452315753856	2.6814294573760797	87.01579231627845
1.3429999999999733	140.7999999999957	19.600000000002154	50.26975390846188	66.67220759493622	367.3099512648022	453.83186806756515	3.190679331240293	87.76075787897187
1.3429999999999733	140.89999999999569	19.550000000002157	49.96402778019761	66.92810708401652	353.39759325303373	439.095756864371	3.7047918891319944	88.50387273965052
1.3429999999999733	140.99999999999568	19.50000000000216	49.667052096568746	67.17524038917769	340.77771851524085	425.65082240392326	4.2206005628715495	89.24192366191976
1.3429999999999733	141.09999999999567	19.450000000002163	49.37803395934369	67.41440037073049	329.26279474991736	413.3095576463429	4.735795446619959	89.97255422022981
1.3429999999999733	141.19999999999567	19.400000000002166	49.09629272429737	67.64626763485336	318.7013198074942	401.9204859412765	5.248682356350558	90.69402386748034
1.3429999999999733	141.29999999999566	19.35000000000217	48.82123895091193	67.87143158389108	308.9693806565675	391.35971999499213	5.75801622694233	91.40504134038349
1.3429999999999733	141.39999999999566	19.30000000000217	48.55235816967368	68.09040664905729	299.96451040623884	381.52481889357887	6.262883735871479	92.10464729155821
1.3429999999999733	141.49999999999565	19.250000000002174	48.28919818437011	68.30364498813684	291.60113872284325	372.3302385205185	6.762619237328129	92.79213023219177
1.3429999999999733	141.59999999999565	19.200000000002177	48.03135901179177	68.51154654578337	283.807169098594	363.7039088261844	7.256743672831495	93.46696545133454
1.3429999999999733	141.69999999999564	19.15000000000218	47.778484818757796	68.71446711649321	276.52136727634985	355.58462225343874	7.7449196034823125	94.12877005697746
1.3429999999999733	141.79999999999563	19.100000000002183	47.53025739224092	68.91272487447974	269.69134298346967	347.9200154723128	8.226917728656849	94.77726950371066
1.3429999999999733	141.89999999999563	19.050000000002186	47.286390800728896	69.10660571231135	263.27197196523696	340.66499141426283	8.702591702217118	95.41227241804319
1.3429999999999733	141.99999999999562	19.00000000000219	47.04662699154975	69.29636764358567	257.22414910775177	333.780472395865	9.171859017739926	96.03365149288781
1.3429999999999733	142.09999999999562	18.95000000000219	46.8107321311203	69.48224446268033	251.5137935511117	327.2324052328034	9.63468638314931	96.64132887159658
1.3429999999999733	142.1999999999956	18.900000000002194	46.578493540433016	69.66444880926561	246.1110477282268	320.9909602794804	10.0910784504841	97.2352648872791
1.3429999999999733	142.2999999999956	18.850000000002197	46.349717111583615	69.84317475177612	240.9896271761107	315.02988124109623	10.54106907661131	97.81544933321862
1.3429999999999733	142.3999999999956	18.8000000000022	46.12422511616399	70.01859997901741	236.12628868126993	309.3259533198104	10.984714509455861	98.3818946589566
1.3429999999999733	142.4999999999956	18.750000000002203	45.90185433524506	70.19088767018238	231.50039211667652	303.8585650524825	11.422088050547883	98.93463064284717
1.3429999999999733	142.5999999999956	18.700000000002206	45.6824544550989	70.36018809912851	227.09353706602812	298.60934493569687	11.853275857514468	99.4737002047129
1.3429999999999733	142.69999999999558	18.65000000000221	45.46588668392187	70.52664001765422	222.8892596003176	293.5618582030701	12.278373632478337	99.99915610456337
1.3429999999999733	142.79999999999558	18.60000000000221	45.25202255345728	70.69037185387546	218.87277778009997	288.7013523282575	12.697484002991654	100.51105833400915
1.3429999999999733	142.89999999999557	18.550000000002214	45.04074287618522	70.8515027550354	215.03077689068846	284.01454226087816	13.110714447232349	101.00947205209559
1.3429999999999733	142.99999999999557	18.500000000002217	44.83193683409099	71.01014349873516	211.35122727992524	279.48942826499615	13.518175649004483	101.49446595110645
1.3429999999999733	143.09999999999556	18.45000000000222	44.62550117927765	71.16639729232077	207.82322910521137	275.11514066685504	13.919980193626847	101.96611096341555
1.3429999999999733	143.19999999999555	18.400000000002223	44.42133953009165	71.32036047675686	204.43687941379338	270.88180693585565	14.316241535237673	102.424479239922
1.3429999999999733	143.29999999999555	18.350000000002225	44.219361749176336	71.47212314857252	201.18315785543214	266.78043739790326	14.707073180939966	102.86964334549218
1.3429999999999733	143.39999999999554	18.30000000000223	44.019483392094116	71.62176971123843	198.05382801673838	262.80282657040976	15.09258804870006	103.30167562832324
1.3429999999999733	143.49999999999554	18.25000000000223	43.82162521697325	71.76937936551947	195.0413519142477	258.94146765602403	15.472897964824964	103.72064772905554
1.3429999999999733	143.59999999999553	18.200000000002234	43.62571274712397	71.91502654685789	192.13881562083566	255.1894781696823	15.848113273795276	104.12663020241237
1.3429999999999733	143.69999999999553	18.150000000002237	43.43167587979627	72.05878131661494	189.33986435150712	251.54053502502643	16.218342538685043	104.51969222959994
1.3429999999999733	143.79999999999552	18.10000000000224	43.239448535266924	72.20070971298311	186.63864561849556	247.98881769011808	16.583692314696158	104.89990140399695
1.3429999999999733	143.89999999999552	18.050000000002242	43.048968341289836	72.34087406653508	184.02975929613575	244.5289582529043	16.944266981738217	105.26732357606596
1.3429999999999733	143.9999999999955	18.000000000002245	42.86017634865105	72.47933328466821	181.50821362410508	241.15599742504213	17.300168624689903	105.62202274612494
1.3429999999999733	144.0999999999955	17.950000000002248	42.67301677416099	72.61614310861142	179.06938633187823	237.86534566692484	17.65149695214033	105.96406099577817
1.3429999999999733	144.1999999999955	17.90000000000225	42.48743676791921	72.75135634615985	176.70899019434808	234.65274874384903	17.99834924613818	106.29349845053642
1.3429999999999733	144.2999999999955	17.850000000002254	42.30338620210735	72.88502308288119	174.4230424336529	231.51425712838056	18.34082033687171	106.6103932675516
1.3429999999999733	144.3999999999955	17.800000000002257	42.12081747892648	73.0171908741777	172.20783746962474	228.44619875131875	18.679002597326175	106.91480164351245
1.3429999999999733	144.49999999999548	17.75000000000226	41.93968535560017	73.1479049202824	170.05992259408808	225.445154676499	19.012985953875624	107.2067778386621
1.3429999999999733	144.59999999999548	17.700000000002262	41.75994678462641	73.27720822600638	167.97607620525034	222.50793733566667	19.342857909505366	107.48637421363323
1.3429999999999733	144.69999999999547	17.650000000002265	41.581560767685836	73.40514174683007	165.9532882896616	219.6315710109	19.66870357696251	107.75364127640067
1.3429999999999733	144.79999999999546	17.600000000002268	41.40448822180613	73.53174452273794	163.98874288243985	216.81327429528235	19.990605719624714	108.0086277371438
1.3429999999999733	144.89999999999546	17.55000000000227	41.228691856549595	73.6570538010303	162.07980227302303	214.0504442990865	20.30864479827624	108.25138056920834
1.3429999999999733	144.99999999999545	17.500000000002274	41.05413606113431	73.78110514920142	160.22399275475198	211.3406423997602	20.62289902231342	108.4819450746916
1.3429999999999733	145.09999999999545	17.450000000002277	40.88078680052466	73.90393255884825	158.4189917430075	208.68158136045474	20.933444404168032	108.70036495344094
1.3429999999999733	145.19999999999544	17.40000000000228	40.7086115196355	74.02556854146556	156.66261610920102	206.0711136643806	21.2403548159626	108.90668237448214
1.3429999999999733	145.29999999999544	17.350000000002282	40.537579054889086	74.14604421688828	154.95281159725033	203.50722093162955	21.54370204759388	109.1009380490729
1.3429999999999733	145.39999999999543	17.300000000002285	40.36765955244681	74.26538939505905	153.28764320576826	200.98800430168797	21.84355586559028	109.28317130473211
1.3429999999999733	145.49999999999542	17.250000000002288	40.198824392510545	74.38363265172605	151.66528643350637	198.5116756791805	22.139984072216293	109.45342015971605
1.3429999999999733	145.59999999999542	17.20000000000229	40.031046119151846	74.50080139861318	150.0840192979175	196.0765497527119	22.433052564398317	109.6117213975194
1.3429999999999733	145.6999999999954	17.150000000002294	39.86429837518397	74.61692194854722	148.5422150474162	193.68103670738105	22.722825392131593	109.758110641062
1.3429999999999733	145.7999999999954	17.100000000002296	39.69855584164067	74.73201957597824	147.0383354971643	191.32363556079915	23.00936481609893	109.89262242629201
1.3429999999999733	145.8999999999954	17.0500000000023	39.53379418146998	74.8461185732852	145.57092492628826	189.00292806050714	23.292731364288674	110.01529027499666
1.3429999999999733	145.9999999999954	17.000000000002302	39.36998998708975	74.95924230321948	144.13860448145647	186.7175730877382	23.572983887449517	110.12614676665642
1.3429999999999733	146.0999999999954	16.950000000002305	39.20712073148623	75.07141324780572	142.74006703789257	184.46630151858005	23.850179613257417	110.22522360922238
1.3429999999999733	146.19999999999538	16.900000000002308	39.04516472256753	75.18265305398741	141.37407247426998	182.24791149899772	24.124374199103322	110.31255170872424
1.3429999999999733	146.29999999999538	16.85000000000231	38.88410106051121	75.29298257627858	140.0394433226535	180.06126409487266	24.395621783437505	110.38816123764724
1.3429999999999733	146.39999999999537	16.800000000002314	38.72390959786974	75.4024219166577	138.73506075880059	177.9052792823741	24.663975035627452	110.45208170203622
1.3429999999999733	146.49999999999537	16.750000000002316	38.564570902218286	75.5109904619189	137.45986090177894	175.77893224761598	24.929485204306342	110.50434200730314
1.3429999999999733	146.59999999999536	16.70000000000232	38.40606622115077	75.61870691867526	136.21283139508859	173.68124996779073	25.192202164200378	110.54497052273115
1.3429999999999733	146.69999999999536	16.650000000002322	38.24837744944529	75.72558934619248	134.99300824431424	171.61130804880028	25.45217446143914	110.5739951446758
1.3429999999999733	146.79999999999535	16.600000000002325	38.09148709823781	75.83165518721452	133.79947288886495	169.5682277969458	25.709449357358828	110.5914433584786
1.3429999999999733	146.89999999999534	16.550000000002328	37.935378266055224	75.9369212969297	132.6313494875856	167.55117350445065	25.96407287081977	110.59734229911156
1.3429999999999733	146.99999999999534	16.50000000000233	37.78003461157318	76.04140397021197	131.4878024000182	165.55934993060802	26.216089819062752	110.59171881058117
1.3429999999999733	147.09999999999533	16.450000000002333	37.6254403279746	76.1451189672617	130.36803384686036	163.59199996208466	26.465543857133472	110.57459950412012
1.3429999999999733	147.19999999999533	16.400000000002336	37.47158011879557	76.24808153775886	129.27128173474043	161.64840243751033	26.712477515911395	110.54601081520424
1.3429999999999733	147.29999999999532	16.35000000000234	37.31843917515449	76.35030644363316	128.1968176318388	159.72787012287608	26.956932238776762	110.50597905942979
1.3429999999999733	147.39999999999532	16.300000000002342	37.16600315426884	76.45180798054635	127.14394488214707	157.8297478255307	27.19894841695657	110.45453048729125
1.3429999999999733	147.4999999999953	16.250000000002345	37.014258159172165	76.55259999817451	126.11199684727657	155.95341063569526	27.438565423587285	110.39169133790035
1.3429999999999733	147.5999999999953	16.200000000002348	36.86319071954948	76.65269591937165	125.10033526574102	154.09826228540655	27.67582164653672	110.31748789168601
1.3429999999999733	147.6999999999953	16.15000000000235	36.71278777361775	76.75210875828857	124.10834872055204	152.2637336157352	27.910754520024124	110.2319465221177
1.3429999999999733	147.7999999999953	16.100000000002353	36.56303665098178	76.85085113751595	123.13545120676812	150.44928114391848	28.14340055508137	110.13509374649345
1.3429999999999733	147.8999999999953	16.050000000002356	36.41392505640272	76.94893530431511	122.18108079138693	148.65438572279268	28.373795368893898	110.02695627583311
1.3429999999999733	147.99999999999528	16.00000000000236	36.26544105442008	77.04637314599508	121.2446983586227	146.87855128556612	28.601973713062524	109.90756106391714
1.3429999999999733	148.09999999999528	15.950000000002362	36.11757305477351	77.14317620448998	120.3257864342117	145.12130366957888	28.827969500826804	109.77693535551083
1.3429999999999733	148.19999999999527	15.900000000002365	35.97030979857356	77.23935569018728	119.42384808292844	143.38218951322682	29.051815833285737	109.63510673381306
1.3429999999999733	148.29999999999526	15.850000000002368	35.82364034517572	77.33492249505314	118.53840587398712	141.6607752207211	29.273545024656446	109.48210316716634
1.3429999999999733	148.39999999999526	15.80000000000237	35.67755405971367	77.42988720509791	117.66900090943687	139.9566459898018	29.493188626605857	109.31795305506536
1.3429999999999733	148.49999999999525	15.750000000002373	35.53204060125237	77.52426011222255	116.81519191107185	138.2694048979057	29.710777451691918	109.14268527349935
1.3429999999999733	148.59999999999525	15.700000000002376	35.3870899115236	77.61805122548185	115.97655436173257	136.5986720426871	29.92634159594818	108.95632921966346
1.3429999999999733	148.69999999999524	15.650000000002379	35.24269220420909	77.71127028180064	115.15267969721009	134.94408373308084	30.139910460646682	108.75891485606965
1.3429999999999733	148.79999999999524	15.600000000002382	35.098837954739444	77.8039267561738	114.34317454526699	133.30529172743385	30.35151277326927	108.55047275409162
1.3429999999999733	148.89999999999523	15.550000000002385	34.95551789057867	77.8960298713809	113.54766000856122	131.68196251548392	30.561176607720864	108.33103413697275
1.3429999999999733	148.99999999999523	15.500000000002387	34.812722981966324	77.98758860724317	112.76577098851037	130.07377664122126	30.76892940381317	108.10063092232632
1.3429999999999733	149.09999999999522	15.45000000000239	34.670444433091376	78.07861170944861	111.99715554735971	128.4804280639032	30.974797986048152	107.85929576415695
1.3429999999999733	149.1999999999952	15.400000000002393	34.528673673673275	78.16910769797009	111.24147430593304	126.9016235546825	31.1788085817301	107.60706209442833
1.3429999999999733	149.2999999999952	15.350000000002396	34.38740235092758	78.25908487509874	110.49839987472627	125.3370821265282	31.38098683843079	107.34396416420431
1.3429999999999733	149.3999999999952	15.300000000002399	34.246622321895	78.34855133311392	109.76761631618514	123.78653449526466	31.581357840836766	107.07003708438681
1.3429999999999733	149.4999999999952	15.250000000002402	34.10632564611386	78.43751496160998	109.04881863617055	122.24972256973027	31.779946126999533	106.78531686607326
1.3429999999999733	149.5999999999952	15.200000000002404	33.9665045786173	78.52598345449785	108.34171230274828	120.72639896920776	31.97677570401608	106.4898404605577
1.3429999999999733	149.69999999999519	15.150000000002407	33.82715156323808	78.61396431669951	107.64601279059436	119.21632656638839	32.171870063159616	106.18364579899162
1.3429999999999733	149.79999999999518	15.10000000000241	33.68825922620443	78.70146487055105	106.96144514941459	117.7192780542943	32.365252194483745	105.8667718317308
1.3429999999999733	149.89999999999517	15.050000000002413	33.549820370011595	78.78849226193017	106.28774359489586	116.23503553565334	32.55694460092096	105.53925856737962
1.3429999999999733	149.99999999999517	15.000000000002416	33.41182796755495	78.87505346612214	105.62465112081408	114.7633901333657	32.74696931189452	105.20114711155675
1.3429999999999733	150.09999999999516	14.950000000002419	33.27427515651097	78.96115529343777	104.9719191310183	113.30414162076721	32.93534789646402	104.85247970539388
1.3429999999999733	150.19999999999516	14.900000000002422	33.137155233953415	79.04680439459625	104.32930709009457	111.85709807049955	33.12210147602209	104.49329976378527
1.3429999999999733	150.29999999999515	14.850000000002424	33.00046165119294	79.13200726588464	103.69658219160351	110.42207552087449	33.30725073656073	104.12365191340254
1.3429999999999733	150.39999999999515	14.800000000002427	32.864188008828705	79.21677025410511	103.07351904285292	108.99889765869392	33.49081594052275	103.74358203048664
1.3429999999999733	150.49999999999514	14.75000000000243	32.72832805200163	79.30109956132075	102.45989936524184	107.5873955175602	33.67281693825643	103.35313727843157
1.3429999999999733	150.59999999999513	14.700000000002433	32.59287566583925	79.38500124940975	101.85551170927508	106.18740719077067	33.85327317908687	102.9523661451698
1.3429999999999733	150.69999999999513	14.650000000002436	32.457824871082806	79.46848124443716	101.26015118340592	104.79877755795576	34.03220372201979	102.54131848037045
1.3429999999999733	150.79999999999512	14.600000000002439	32.32316981988777	79.55154534085344	100.67361919592234	103.42135802466905	34.209627246092744	102.12004553246
1.3429999999999733	150.89999999999512	14.550000000002441	32.18890479178945	79.63419920552774	100.09572320913946	102.05500627419687	34.38556206038495	101.68859998547543
1.3429999999999733	150.9999999999951	14.500000000002444	32.05502418982598	79.71644838162399	99.52627650521433	100.69958603089272	34.56002611370147	101.24703599575557
1.3429999999999733	151.0999999999951	14.450000000002447	31.921522536810844	79.79829829232717	98.9650979629342	99.3549668343913	34.73303700394256	100.79540922847964
1.3429999999999733	151.1999999999951	14.40000000000245	31.78839447174835	79.87975424442689	98.41201184488106	98.02102382409751	34.90461198717002	100.3337768940579
1.3429999999999733	151.2999999999951	14.350000000002453	31.655634746385438	79.96082143176444	97.86684759440325	96.69763753338648	35.07476798638325	99.86219778438216
1.3429999999999733	151.3999999999951	14.300000000002456	31.52323822189314	80.04150493855036	97.32943964186643	95.38469369297283	35.24352160001446	99.38073230893689
1.3429999999999733	151.49999999999508	14.250000000002458	31.39119986567215	80.12180974255769	96.79962721968649	94.08208304296025	35.41088911015438	98.88944253077916
1.3429999999999733	151.59999999999508	14.200000000002461	31.259514748276718	80.20174071819702	96.27725418567675	92.78970115309404	35.57688649051861	98.38839220238677
1.3429999999999733	151.69999999999507	14.150000000002464	31.128178040451633	80.28130263947843	95.76216885427435	91.50744825077783	35.74152941416344	97.87764680137794
1.3429999999999733	151.79999999999507	14.100000000002467	30.997185010277207	80.36050018286545	95.25422383522948	90.23522905644147	35.90483326096145	97.35727356610474
1.3429999999999733	151.89999999999506	14.05000000000247	30.866531020417494	80.43933793002562	94.75327587937527	88.97295262587075	36.06681312484443	96.82734153112106
1.3429999999999733	151.99999999999505	14.000000000002473	30.73621152546721	80.51782037048255	94.25918573111058	87.72053219912374	36.22748382082357	96.28792156252095
1.3429999999999733	152.09999999999505	13.950000000002476	30.606222069393215	80.59595190417332	93.77181798725393	86.47788505569986	36.38685989179368	95.73908639315266
1.3429999999999733	152.19999999999504	13.900000000002478	30.476558283066094	80.67373684391568	93.29104096194787	85.24493237562442	36.54495561513031	95.18091065770008
1.3429999999999733	152.29999999999504	13.850000000002481	30.347215881878437	80.75117941778869	92.81672655730658	84.0215991061497	36.70178500908646	94.61347092763408
1.3429999999999733	152.39999999999503	13.800000000002484	30.21819066344587	80.82828377143059	92.34875013952322	82.80781383377537	36.8573618389962	94.03684574602538
1.3429999999999733	152.49999999999503	13.750000000002487	30.089478505387408	80.90505397025723	91.88699042016428	81.60350866132326	37.011699623293026	93.45111566222079
1.3429999999999733	152.59999999999502	13.70000000000249	29.961075363181774	80.98149400160459	91.43132934239968	80.40861908979674	37.164811639347526	92.85636326636963
1.3429999999999733	152.69999999999501	13.650000000002493	29.83297726809651	81.0576077767985	90.98165197192344	79.22308390478958	37.316710929133485	92.25267322380122
1.3429999999999733	152.799999999995	13.600000000002495	29.705180325187197	81.13339913315433	90.53784639234225	78.04684506721091	37.467410304725206	91.64013230924404
1.3429999999999733	152.899999999995	13.550000000002498	29.577680711363314	81.20887183590985	90.09980360481548	76.87984760810274	37.61692235363496	91.01882944087636
1.3429999999999733	152.999999999995	13.500000000002501	29.450474673518595	81.2840295800937	89.66741743174312	75.72203952735245	37.765259443994076	90.38885571420462
1.3429999999999733	153.099999999995	13.450000000002504	29.32355852672291	81.35887599233233	89.24058442431242	74.57337169609386	37.912433729584734	89.7503044357552
1.3429999999999733	153.199999999995	13.400000000002507	29.19692865247359	81.43341463259748	88.8192037737196	73.43379776261908	38.058457154725104	89.10327115657182
1.3429999999999733	153.29999999999498	13.35000000000251	29.070581497003257	81.50764899589707	88.40317722589751	72.30327406162134	38.2033414590159	88.4478537055065
1.3429999999999733	153.39999999999498	13.300000000002512	28.94451356964257	81.58158251391137	87.99240899958458	71.18175952660042	38.347098181951054	87.7841522222899
1.3429999999999733	153.49999999999497	13.250000000002515	28.818721441235272	81.65521855657647	87.58680570758308	70.0692156052806	38.48973866739745	87.11226919037404
1.3429999999999733	153.59999999999496	13.200000000002518	28.6932017426038	81.72856043361773	87.18627628106074	68.9656061778748	38.631274067948326	86.43230946952147
1.3429999999999733	153.69999999999496	13.150000000002521	28.567951163063228	81.80161139603435	86.79073189675722	67.87089747806745	38.77171534915518	85.7443803281374
1.3429999999999733	153.79999999999495	13.100000000002524	28.44296644898194	81.87437463753758	86.4000859069652	66.78505801657113	38.91107329364088	85.04859147532146
1.3429999999999733	153.89999999999495	13.050000000002527	28.318244402387133	81.94685329594388	86.01425377216171	65.70805850712887	39.04935850509907	84.34505509262239
1.3429999999999733	153.99999999999494	13.00000000000253	28.193781879613447	82.01905045452501	85.63315299617214	64.63987179484086	39.18658141218303	83.63388586547963
1.3429999999999733	154.09999999999494	12.950000000002532	28.06957578999315	82.09096914331667	85.25670306375557	63.580472786693235	39.322752272288355	82.91520101432731
1.3429999999999733	154.19999999999493	12.900000000002535	27.94562309458627	82.16261234038687	84.88482538050455	62.52983838418426	39.45788117523142	82.18912032534558
1.3429999999999733	154.29999999999492	12.850000000002538	27.821920804949283	82.2339829730662	84.5174432149591	61.48794741793035	39.591978046828764	81.45576618083015
1.3429999999999733	154.39999999999492	12.800000000002541	27.698465981940817	82.30508391914059	84.15448164283964	60.45478058416289	39.72505265237967	80.71526358916392
1.3429999999999733	154.4999999999949	12.750000000002544	27.575255734563132	82.37591800800857	83.79586749330684	59.43032038300557	39.85711460005518	79.96774021435984
1.3429999999999733	154.5999999999949	12.700000000002547	27.452287218838	82.44648802180416	83.44152929716311	58.414551058445255	39.988173344196	79.21332640515037
1.3429999999999733	154.6999999999949	12.65000000000255	27.32955763671575	82.51679669648641	83.09139723691187	57.407458539906926	40.11823818852408	78.45215522359781
1.3429999999999733	154.7999999999949	12.600000000002552	27.207064235016382	82.58684672289691	82.74540309859904	56.4090303853473	40.24731828926759	77.68436247319703
1.3429999999999733	154.8999999999949	12.550000000002555	27.084804304401434	82.65664074778664	82.4034802253584	55.41925572578009	40.3754226582052	76.91008672643422
1.3429999999999733	154.99999999999488	12.500000000002558	26.962775178375683	82.72618137481284	82.06556347259377	54.438125211161484	40.50256016562994	76.12946935177793
1.3429999999999733	155.09999999999488	12.45000000000256	26.840974232317524	82.7954711655073	81.7315891647279	53.465630957554175	40.628739543236115	75.34265454006218
1.3429999999999733	155.19999999999487	12.400000000002564	26.719398882537067	82.86451264021677	81.40149505345484	52.50176649550148	40.75396938693138	74.54978933023057
1.3429999999999733	155.29999999999487	12.350000000002566	26.59804658536101	82.93330827901697	81.075220277435	51.54652671953607	40.878258159576426	73.75102363439974
1.3429999999999733	155.39999999999486	12.30000000000257	26.476914836243267	83.00186052260018	80.7527053233714	50.599907838765034	41.00161419365458	72.9465102622111
1.3429999999999733	155.49999999999486	12.250000000002572	26.356001168900562	83.0701717731385	80.43389198841682	49.661907328456266	41.12404569387331	72.13640494442139
1.3429999999999733	155.59999999999485	12.200000000002575	26.2353031544723	83.1382443951225	80.11872334385356	48.73252388257007	41.24556073969959	71.32086635569623
1.3429999999999733	155.69999999999484	12.150000000002578	26.114818400703186	83.20608071617711	79.80714369999698	47.81175736717075	41.366167287831274	70.50005613655644
1.3429999999999733	155.79999999999484	12.10000000000258	25.994544551149005	83.27368302785443	79.49909857227604	46.8996087746684	41.48587317460679	69.67413891444006
1.3429999999999733	155.89999999999483	12.050000000002584	25.87447928440363	83.34105358640524	79.194534648442	45.996080178820655	41.604686118353705	68.8432823238183
1.3429999999999733	155.99999999999483	12.000000000002586	25.75462031334729	83.40819461352933	78.89339975686266	45.10117469045163	41.72261372168051	68.00765702532591
1.3429999999999733	156.09999999999482	11.95000000000259	25.63496538441503	83.47510829710554	78.59564283585948	44.21489641382669	41.839663473709784	67.16743672384561
1.3429999999999733	156.19999999999482	11.900000000002592	25.515512276884895	83.54179679190203	78.3012139040481	43.33725040363815	41.955842752257944	66.3227981854974
1.3429999999999733	156.2999999999948	11.850000000002595	25.39625880218509	83.6082622202677	78.01006403164243	42.468242622543144	42.071158825960616	65.4739212534669
1.3429999999999733	156.3999999999948	11.800000000002598	25.277202803219524	83.67450667280514	77.72214531268688	41.60787989921229	42.18561885634678	64.62098886261887
1.3429999999999733	156.4999999999948	11.7500000000026	25.158342153711132	83.74053220902569	77.43741083818054	40.75616988683544	42.299229899862496	63.76418705282957
1.3429999999999733	156.5999999999948	11.700000000002603	25.03967475756243	83.80634085798745	77.15581467006031	39.91312102204105	42.41199890984534	62.90370498097119
1.3429999999999733	156.6999999999948	11.650000000002606	24.921198548232866	83.87193461891646	76.87731181601086	39.07874248418247	42.52393273845194	62.03973493148295
1.3429999999999733	156.79999999999478	11.60000000000261	24.802911488131993	83.93731546181179	76.60185820506902	38.253044154942984	42.635038138539244	61.172472325449704
1.3429999999999733	156.89999999999478	11.550000000002612	24.684811568028604	84.00248532803492	76.32941066399664	37.43603657822345	42.745321765500904	60.30211572812473
1.3429999999999733	156.99999999999477	11.500000000002615	24.566896806474855	84.06744613088415	76.05992689438898	36.62773092025631	42.854790179060544	59.428866854801754
1.3429999999999733	157.09999999999476	11.450000000002618	24.449165249245087	84.13219975615407	75.793365450496	35.82813892991775	42.963449845021906	58.552930574971874
1.3429999999999733	157.19999999999476	11.40000000000262	24.33161496878876	84.19674806268104	75.52968571772766	35.037272899183655	43.07130713697917	57.67451491466599
1.3429999999999733	157.29999999999475	11.350000000002623	24.214244063697397	84.2610928828747	75.26884789181973	34.2551456236965	43.178368337986406	56.79383105690336
1.3429999999999733	157.39999999999475	11.300000000002626	24.097050658184646	84.32523602323629	75.01081295863615	33.481770363394205	43.284639642188324	55.91109334014561
1.3429999999999733	157.49999999999474	11.250000000002629	23.98003290157937	84.38917926486383	74.7555426745851	32.71716080316657	43.3901271564136	55.02651925466438
1.3429999999999733	157.59999999999474	11.200000000002632	23.863188967831288	84.45292436394496	74.5029995476263	31.961331013495663	43.494836901731794	54.14032943672079
1.3429999999999733	157.69999999999473	11.150000000002635	23.74651705502887	84.51647305223732	74.25314681884998	31.21429541103976	43.59877481497346	53.25274766044912
1.3429999999999733	157.79999999999472	11.100000000002638	23.630015384928818	84.57982703753743	74.00594844460586	30.476068719118643	43.701946750216706	52.36400082733286
1.3429999999999733	157.89999999999472	11.05000000000264	23.513682202497204	84.64298800413785	73.7613690791635	29.746665928067703	43.80435848023959	51.47431895316783
1.3429999999999733	157.9999999999947	11.000000000002643	23.397515775461653	84.70595761327336	73.51937405788625	29.02610225540901	43.906015697939445	50.58393515237798
1.3429999999999733	158.0999999999947	10.950000000002646	23.281514393874307	84.76873750355621	73.27992938089947	28.314393105811625	44.00692401772058	49.69308561957394
1.3429999999999733	158.1999999999947	10.900000000002649	23.1656763696852	84.83132929140113	73.04300169723696	27.611554030788223	44.10708897685069	48.80200960820938
1.3429999999999733	158.2999999999947	10.850000000002652	23.05000003632593	84.89373457143984	72.80855828944917	26.917600688101388	44.20651603678707	47.91094940621544
1.3429999999999733	158.3999999999947	10.800000000002655	22.934483748303016	84.95595491692599	72.57656705865706	26.23254880082437	44.305210584473194	47.020150308453296
1.3429999999999733	158.49999999999469	10.750000000002657	22.819125880800993	85.01799188013038	72.34699651003694	25.556414116025785	44.40317793360729	46.12986058585186
1.3429999999999733	158.59999999999468	10.70000000000266	22.70392482929475	85.07984699272673	72.11981573872092	24.889212363035885	44.50042332588167	45.240331451072656
1.3429999999999733	158.69999999999467	10.650000000002663	22.588879009170718	85.14152176616875	71.89499441609956	24.230959211242567	44.5969519321965	44.35181702052969
1.3429999999999733	158.79999999999467	10.600000000002666	22.473986855357353	85.20301769205801	71.67250277651496	23.58167022739061	44.692768853845585	43.464574272617206
1.3429999999999733	158.89999999999466	10.550000000002669	22.35924682196347	85.26433624250357	71.45231160432611	22.941360832327177	44.78787912367746	42.57886300195078
1.3429999999999733	158.99999999999466	10.500000000002672	22.244657381925382	85.3254788704732	71.23439222134145	22.310046257156763	44.88228770723078	41.69494576944841
1.3429999999999733	159.09999999999465	10.450000000002674	22.130217026661853	85.38644701013652	71.01871647459994	21.68774149876055	44.975999503845266	40.8130878480602
1.3429999999999733	159.19999999999465	10.400000000002677	22.015924265736952	85.44724207720024	70.80525672449367	21.074461274634885	45.069019347749276	39.93355716394727
1.3429999999999733	159.29999999999464	10.35000000000268	21.901777626530524	85.50786546923607	70.59398583321894	20.47021997699894	45.16135200912343	39.05662423289724
1.3429999999999733	159.39999999999463	10.300000000002683	21.787775653916004	85.56831856600071	70.38487715354493	19.875031626133428	45.253002195141995	38.18256209177038
1.3429999999999733	159.49999999999463	10.250000000002686	21.673916909945508	85.62860272974909	70.17790451789052	19.288909822893004	45.34397455099228	37.31164622473933
1.3429999999999733	159.59999999999462	10.200000000002689	21.56019997354186	85.6887193055404	69.97304222769979	18.711867700347025	45.43427366087231	36.444154484089694
1.3429999999999733	159.69999999999462	10.150000000002692	21.446623440197452	85.74866962153729	69.77026504310483	18.143917874501042	45.52390404896761	35.58036700533976
1.3429999999999733	159.7999999999946	10.100000000002694	21.33318592167977	85.80845498929838	69.5695481728692	17.585072394044364	45.6128701804074	34.720566116417466
1.3429999999999733	159.8999999999946	10.050000000002697	21.219886045743262	85.86807670406456	69.3708672646005	17.03534268906865	45.70117646220093	33.86503624062268
1.3429999999999733	159.9999999999946	10.0000000000027	21.106722455847574	85.92753604503872	69.17419839522583	16.494739518710357	45.78882724415466	33.014063793104945
1.3429999999999733	160.0999999999946	9.950000000002703	20.993693810881847	85.98683427565942	68.97951806172068	15.963272917653637	45.87582681977007	32.16793707055269
1.3429999999999733	160.1999999999946	9.900000000002706	20.880798784894996	86.04597264386874	68.78680317208416	15.44095214144096	45.96217942712275	31.32694613379535
1.3429999999999733	160.29999999999458	9.850000000002709	20.76803606683168	86.10495238237426	68.59603103655124	14.927785610528652	46.04788924972432	30.491382682992782
1.3429999999999733	160.39999999999458	9.800000000002711	20.655404360274012	86.16377470890538	68.40717935903724	14.423780853031458	46.132960417365794	29.661539925087084
1.3429999999999733	160.49999999999457	9.750000000002714	20.542902383188693	86.222440826464	68.22022622880564	13.928944446086955	46.217397006944346	28.837712433158718
1.3429999999999733	160.59999999999457	9.700000000002717	20.430528867679474	86.28095192357014	68.03515011235207	13.443281955779337	46.301203043273084	28.02019599732845
1.3429999999999733	160.69999999999456	9.65000000000272	20.318282559744894	86.3393091745022	67.85192984549971	12.966797875552604	46.38438249987445	27.20928746682205
1.3429999999999733	160.79999999999455	9.600000000002723	20.206162219040976	86.397513739532	67.67054462569828	12.499495563045729	46.46693929975768	26.405284582801922
1.3429999999999733	160.89999999999455	9.550000000002726	20.09416661864894	86.45556676515511	67.49097400452058	12.041377175275827	46.548877316180715	25.60848580154759
1.3429999999999733	160.99999999999454	9.500000000002728	19.982294544847708	86.51346938431617	67.313197880351	11.592443602097301	46.63020037339668	24.81919010755328
1.3429999999999733	161.09999999999454	9.450000000002731	19.87054479689104	86.57122271662966	67.13719649126021	11.152694397855413	46.710912247385934	24.037696816082775
1.3429999999999733	161.19999999999453	9.400000000002734	19.758916186789396	86.62882786859592	66.96295040806136	10.722127711160185	46.791016666572915	23.264305364714033
1.3429999999999733	161.29999999999453	9.350000000002737	19.647407539095987	86.68628593381278	66.79044052753926	10.300740212692949	46.87051731252968	22.49931509337143
1.3429999999999733	161.39999999999452	9.30000000000274	19.5360176906974	86.74359799318304	66.61964806585252	9.888527020958215	46.949417820664706	21.743025012321045
1.3429999999999733	161.49999999999451	9.250000000002743	19.424745490608345	86.80076511511723	66.4505545520984	9.485481625899386	47.02772178089881	20.99573355760173
1.3429999999999733	161.5999999999945	9.200000000002746	19.313589799770565	86.85778835573267	66.28314182203938	9.091595810274317	47.10543273832755	20.25773833330258
1.3429999999999733	161.6999999999945	9.150000000002748	19.20254949085567	86.91466875904838	66.11739201198522	8.706859568701415	47.18255419387085	19.529335840103883
1.3429999999999733	161.7999999999945	9.100000000002751	19.09162344807208	86.97140735717592	65.95328755282509	8.331261024273484	47.25908960490994	18.810821189456423
1.3429999999999733	161.8999999999945	9.050000000002754	18.98081056697562	87.02800517050635	65.79081116420805	7.964786342635417	47.33504238591193	18.102487802746573
1.3429999999999733	161.9999999999945	9.000000000002757	18.870109754283902	87.08446320789383	65.62994584886496	7.607419643412138	47.4104159090425	17.404627094756577
1.3429999999999733	162.09999999999448	8.95000000000276	18.759519927694367	87.14078246683512	65.47067488706966	7.259142908880684	47.485213504766534	16.717528140718144
1.3429999999999733	162.19999999999447	8.900000000002763	18.649040015705815	87.19696393364572	65.31298183123344	6.91993588976182	47.559438462437704	16.041477326199452
1.3429999999999733	162.29999999999447	8.850000000002765	18.538668957443583	87.25300858363251	65.15685050063257	6.589776008009778	47.63309403087628	15.376757979043628
1.3429999999999733	162.39999999999446	8.800000000002768	18.428405702487773	87.308917381263	65.00226497626015	6.268638256472423	47.70618341893642	14.72364998253825
1.3429999999999733	162.49999999999446	8.750000000002771	18.318249210705083	87.36469128033117	64.84920959580404	5.95649509528559	47.778709796061925	14.08242936895193
1.3429999999999733	162.59999999999445	8.700000000002774	18.20819845208374	87.42033122412028	64.69766894874266	5.653316344861445	47.85067629283302	13.4533678925326
1.3429999999999733	162.69999999999445	8.650000000002777	18.09825240657153	87.47583814556218	64.5476278715596	5.359069075326709	47.9220860015009	12.83673258102712
1.3429999999999733	162.79999999999444	8.60000000000278	17.988410063917	87.53121296739396	64.39907144307007	5.073717492253704	47.99294197651373	12.232785264719693
1.3429999999999733	162.89999999999444	8.550000000002782	17.87867042351358	87.58645660231117	64.2519849798584	4.797222818528057	48.06324723503205	11.641782081955794
1.3429999999999733	162.99999999999443	8.500000000002785	17.769032494246616	87.6415699531184	64.10635403182337	4.529543172182894	48.133004757434826	11.063972960052366
1.3429999999999733	163.09999999999442	8.450000000002788	17.659495294343376	87.69655391287692	63.962164377827015	4.270633440025681	48.20221748781605	10.499601070450403
1.3429999999999733	163.19999999999442	8.400000000002791	17.550057851225606	87.7514093650493	63.819402021445754	4.020445146876125	48.27088833447208	9.948902256909534
1.3429999999999733	163.2999999999944	8.350000000002794	17.440719201365127	87.80613718364157	63.67805318681998	3.778926320220147	48.33902017038006	9.41210443547332
1.3429999999999733	163.3999999999944	8.300000000002797	17.331478390141914	87.86073823334256	63.53810431460024	3.5460213500820386	48.406615833667416	8.88942696488569
1.3429999999999733	163.4999999999944	8.2500000000028	17.222334471704638	87.91521336966062	63.39954205798627	3.321670843903673	48.473678128072784	8.381079986062593
1.3429999999999733	163.5999999999944	8.200000000002802	17.113286508834054	87.96956343905788	63.26235327885814	3.1058114762103166	48.54020982339837	7.887263729154794
1.3429999999999733	163.6999999999944	8.150000000002805	17.00433357280863	88.02378927908183	63.12652504399495	2.898375832833045	48.60621365595441	7.408167786666032
1.3429999999999733	163.79999999999438	8.100000000002808	16.895474743272707	88.07789171849463	62.992044621381055	2.69929224944469	48.67169232899503	6.943970351008078
1.3429999999999733	163.89999999999438	8.050000000002811	16.786709108106994	88.13187157739989	62.85889947659511	2.5084846441561903	48.73664851314652	6.494837414794907
1.3429999999999733	163.99999999999437	8.000000000002814	16.678035763301395	88.18572966736738	62.72707726928194	2.325872343906191	48.801084846827806	6.060921932087955
1.3429999999999733	164.09999999999437	7.950000000002817	16.569453812830066	88.2394667915549	62.596565849703694	2.1513699043661254	48.865003936663186	5.642362938717378
1.3429999999999733	164.19999999999436	7.900000000002819	16.460962368528726	88.2930837448287	62.46735325536859	1.98488692306377	48.92840835788775	5.239284629694117
1.3429999999999733	164.29999999999436	7.850000000002822	16.35256054997407	88.34658131388098	62.339427707735084	1.8263278454211356	48.991300654745615	4.851795391642692
1.3429999999999733	164.39999999999435	7.800000000002825	16.244247484365378	88.39996027734571	62.21277760899041	1.6755917633787472	49.05368334088076	4.479986788054578
1.3429999999999733	164.49999999999434	7.750000000002828	16.1360223064081	88.45322140591223	62.087391538900306	1.5325722062682632	49.11555889972092	4.123932495063051
1.3429999999999733	164.59999999999434	7.700000000002831	16.027884158199523	88.50636546243673	61.96325825172843	1.3971569235743202	49.17692978485494	3.783687185307724
1.3429999999999733	164.69999999999433	7.650000000002834	15.919832189116383	88.55939320205192	61.840366673224885	1.2692276592086014	49.237798420403266	3.459285357329438
1.3429999999999733	164.79999999999433	7.6000000000028365	15.811865555704404	88.61230537227452	61.7187058976799	1.1486599169002205	49.298167201381226	3.150740107800167
1.3429999999999733	164.89999999999432	7.550000000002839	15.703983421569768	88.665102713111	61.59826518504361	1.0353227162853702	49.35803849405733	2.858041843745362
1.3429999999999733	164.99999999999432	7.500000000002842	15.596184957272362	88.71778595716144	61.47903395810744	0.9290783392554544	49.41741463630353	2.581156931758389
1.3429999999999733	165.0999999999943	7.450000000002845	15.488469340220902	88.77035582972144	61.36100179974864	0.8297820661028434	49.476297937940835	2.3200262810493295
1.3429999999999733	165.1999999999943	7.400000000002848	15.38083575456976	88.8228130488824	61.24415845023324	0.7372819009746727	49.534690681077635	2.0745638569878264
1.3429999999999733	165.2999999999943	7.350000000002851	15.273283391117578	88.87515832562988	61.12849380457857	0.6514182861216394	49.59259512044302	1.8446551216212481
1.3429999999999733	165.3999999999943	7.3000000000028535	15.16581144720753	88.92739236394043	61.01399790997283	0.5720238043991797	49.65001348371365	1.6301553974496652
1.3429999999999733	165.4999999999943	7.250000000002856	15.058419126629246	88.97951586087662	60.900660963248995	0.49892286944874076	49.706947971835135	1.4308881505297282
1.3429999999999733	165.59999999999428	7.200000000002859	14.951105639522384	89.03152950668037	60.78847330841507	0.4319314029561581	49.763400759337955	1.246643188761526
1.3429999999999733	165.69999999999428	7.150000000002862	14.84387020228172	89.08343398486485	60.67742543423546	0.370856498349097	49.81937399464773	1.0771747709714181
1.3429999999999733	165.79999999999427	7.100000000002865	14.73671203746394	89.13522997230466	60.56750797186521	0.3154960702606531	49.87486980039009	0.9221996221567058
1.3429999999999733	165.89999999999426	7.050000000002868	14.629630373695688	89.18691813932452	60.458711692533576	0.26563848904801995	49.92989027369012	0.7813948499895295
1.3429999999999733	165.99999999999426	7.000000000002871	14.522624445583348	89.23849914978645	60.3510275052777	0.2210621996143029	49.98443748646736	0.6543957573935913
1.3429999999999733	166.09999999999425	6.950000000002873	14.415693493624193	89.28997366117547	60.24444645472431	0.18153532373850795	50.03851348572462	0.5407935457036372
1.3429999999999733	166.19999999999425	6.900000000002876	14.308836764118823	89.34134232468382	60.13895971891705	0.14681524507294447	50.09212029383285	0.4401329025966498
1.3429999999999733	166.29999999999424	6.850000000002879	14.202053509085294	89.39260578529384	60.03455860719157	0.11664817591787383	50.145259908810196	0.351909468638113
1.3429999999999733	166.39999999999424	6.800000000002882	14.095342986174318	89.44376468185929	59.931234558093045	0.09076870483152152	50.19793430459678	0.2755671759220929
1.3429999999999733	166.49999999999423	6.750000000002885	13.988704458585934	89.4948196471856	59.82897913733901	0.06889932407716869	50.2501454313255	0.21049545189049093
1.3429999999999733	166.59999999999422	6.700000000002888	13.882137194987479	89.54577130810843	59.72778403582418	0.05074993585026784	50.30189521558612	0.15602628100165034
1.3429999999999733	166.69999999999422	6.6500000000028905	13.775640469432801	89.59662028557128	59.62764106766616	0.03601733616436502	50.35318556068723	0.1114311164707301
1.3429999999999733	166.7999999999942	6.600000000002893	13.669213561282746	89.6473671947015	59.52854216829312	0.024384675207190787	50.40401834691223	0.07591763382921751
1.3429999999999733	166.8999999999942	6.550000000002896	13.562855755126957	89.69801264488521	59.43047939257017	0.015520892905613773	50.454395431771125	0.04862631754143291
1.3429999999999733	166.9999999999942	6.500000000002899	13.456566340706631	89.74855723984109	59.33344491296447	0.0090801283605107	50.504318650248955	0.028626871371110134
1.3429999999999733	167.0999999999942	6.450000000002902	13.35034461283873	89.79900157769269	59.23743101774853	0.00470110172995924	50.5537898150488	0.014914442609615296
1.3429999999999733	167.1999999999942	6.400000000002905	13.244189871341181	89.84934625103983	59.142430109240806	0.0020064670499815593	50.602810716831485	0.006405649652599629
1.3429999999999733	167.29999999999418	6.3500000000029075	13.138101420959257	89.89959184702866	59.048434702081195	0.0006021343873283629	50.651383124450746	0.0019344017451048006
1.3429999999999733	167.39999999999418	6.30000000000291	13.032078571293045	89.94973894742064	58.95543742154341	0.0000765596167182636	50.699508785184975	0.00024749899890660985
1.3429999999999733	167.49999999999417	6.250000000002913	12.926120636726012	89.9997881286605	58.86343100188078	5.813863453245311e-12	50.74718942496447	1.8912866664229757e-11