#==============================================================================
# DATASET #0
#==============================================================================
0 0.999564
1.5e-08 0.999562
3e-08 0.999555
4.5e-08 0.999545
6e-08 0.99953
7.5e-08 0.99951
9e-08 0.999485
1.05e-07 0.999454
1.2e-07 0.999417
1.35e-07 0.999372
1.5e-07 0.99932
1.65e-07 0.999258
1.8e-07 0.999186
1.95e-07 0.999102
2.1e-07 0.999004
2.25e-07 0.99889
2.4e-07 0.998757
2.55e-07 0.998603
2.7e-07 0.998423
2.85e-07 0.998215
3e-07 0.997972
3.15e-07 0.997689
3.3e-07 0.99736
3.45e-07 0.996975
3.6e-07 0.996527
3.75e-07 0.996002
3.9e-07 0.995388
4.05e-07 0.994668
4.2e-07 0.993823
4.35e-07 0.992829
4.5e-07 0.99166
4.65e-07 0.99028
4.8e-07 0.997537
4.95e-07 0.998558
5.1e-07 0.99782
5.25e-07 -0.284777
5.4e-07 0.999236
5.55e-07 0.999937
5.7e-07 0.99754
5.85e-07 0.992882
6e-07 0.99991
6.15e-07 1
6.3e-07 0.994434
6.45e-07 0.997625
6.6e-07 1.19821e+11
6.75e-07 -5.55272e+14
6.9e-07 0.991508
7.05e-07 0.997177
7.2e-07 -3.79671e+07
7.35e-07 0.996467
7.5e-07 0.999333
7.65e-07 0.992612
7.8e-07 0.998316
7.95e-07 0.996203
8.1e-07 0.999442
8.25e-07 0.990685
8.4e-07 0.992637
8.55e-07 -8.80308e+27
8.7e-07 479.768
8.85e-07 0.968671
9e-07 "?"
9.15e-07 0.995345
9.3e-07 0.998214
9.45e-07 0.993734
9.6e-07 0.998996
9.75e-07 0.996428
9.9e-07 0.997282
1.005e-06 0.999228
1.02e-06 0.999202
1.035e-06 0.9999
1.05e-06 0.999979
1.065e-06 0.999437
1.08e-06 0.999326
1.095e-06 0.999814
1.11e-06 0.999969
1.125e-06 -1.43193e+28
1.14e-06 0.997586
1.155e-06 0.992165
1.17e-06 0.992258
1.185e-06 0.995276
1.2e-06 2.9936e+26
1.215e-06 -50245.6
1.23e-06 -8.12546e+75
1.245e-06 0.994095
1.26e-06 0.998686
1.275e-06 0.993096
1.29e-06 -6.02716e+36
1.305e-06 0.999806
1.32e-06 0.997032
1.335e-06 0.994785
1.35e-06 0.999585
1.365e-06 0.997892
1.38e-06 0.995925
1.395e-06 0.991742
1.41e-06 0.999949
1.425e-06 0.998772
1.44e-06 0.996609
1.455e-06 0.994138
1.47e-06 0.999572
1.485e-06 0.999638
1.5e-06 0.998212
1.515e-06 0.990624
1.53e-06 0.997635
1.545e-06 0.998753
1.56e-06 0.999875
1.575e-06 1.13147
1.59e-06 0.994102
1.605e-06 -6.31414e+40
1.62e-06 0.999713
1.635e-06 6.01941e+72
1.65e-06 0.993573
1.665e-06 0.997623
1.68e-06 0.998834
1.695e-06 5.48328e+56
1.71e-06 -4.58543e+06
1.725e-06 -3.78679e+18
1.74e-06 1.62432e+10
1.755e-06 1.00768
1.77e-06 0.999757
1.785e-06 0.999032
1.8e-06 -2.74435e+28
1.815e-06 0.991407
1.83e-06 0.999973
1.845e-06 0.997231
1.86e-06 0.995964
1.875e-06 0.99994
1.89e-06 0.999998
1.905e-06 0.993613
1.92e-06 0.996588
1.935e-06 0.999605
1.95e-06 0.999559
1.965e-06 0.993556
1.98e-06 4.66056e+83
1.995e-06 0.992224
2.01e-06 0.998671
2.025e-06 0.999932
2.04e-06 0.999555
2.055e-06 0.996133
2.07e-06 0.995552
2.085e-06 0.998494
2.1e-06 0.99185
2.115e-06 0.995967
2.13e-06 0.999382
2.145e-06 1.00069
2.16e-06 1.00002
2.175e-06 -3.60866e+198
2.19e-06 0.998511
2.205e-06 8.72558e+71
2.22e-06 0.998258
2.235e-06 0.996282
2.25e-06 0.995831
2.265e-06 0.99515
2.28e-06 15.9935
2.295e-06 4.68855e+11
2.31e-06 0.99437
2.325e-06 0.996772
2.34e-06 1.95927e+194
2.355e-06 0.999994
2.37e-06 3.5088
2.385e-06 33.9616
2.4e-06 1.08411e+34
2.415e-06 1.05707
2.43e-06 0.997552
2.445e-06 -1.77211e+88
2.46e-06 0.995851
2.475e-06 2.9636e+211
2.49e-06 0.991627
2.505e-06 -7.02312
2.52e-06 0.993035
2.535e-06 -2.44706e+40
2.55e-06 6.30357e+06
2.565e-06 -1.10341e+39
2.58e-06 0.995425
2.595e-06 1.71975e+23
2.61e-06 0.999953
2.625e-06 7.04793e+99
2.64e-06 -849298
2.655e-06 0.994304
2.67e-06 0.999787
2.685e-06 0.997828
2.7e-06 0.999275
2.715e-06 0.999859
2.73e-06 0.991376
2.745e-06 0.997716
2.76e-06 0.996359
2.775e-06 3.04192e+09
2.79e-06 0.998418
2.805e-06 0.997308
2.82e-06 0.998442
2.835e-06 0.997567
2.85e-06 0.998591
2.865e-06 -5.69653e+133
2.88e-06 1.00015
2.895e-06 0.781435
2.91e-06 0.991657
2.925e-06 0.999743
2.94e-06 -2.95364e+25
2.955e-06 6.08308e+60
2.97e-06 0.999425
2.985e-06 1.78841e+13
3e-06 0.996019
3.015e-06 0.999563
3.03e-06 -2.67128e+09
3.045e-06 0.997727
3.06e-06 3.38855e+08
3.075e-06 0.997747
3.09e-06 192322
3.105e-06 258.828
3.12e-06 0.999044
3.135e-06 0.999414
3.15e-06 0.998389
3.165e-06 1.4725e+119
3.18e-06 -35.0944
3.195e-06 0.99989
3.21e-06 0.999513
3.225e-06 0.996311
3.24e-06 0.993454
3.255e-06 3.25302e+13
3.27e-06 0.998979
3.285e-06 0.484962
3.3e-06 0.991875
3.315e-06 0.999973
3.33e-06 0.992577
3.345e-06 -5.49646e+19
3.36e-06 0.998865
3.375e-06 0.996409
3.39e-06 4.08069e+25
3.405e-06 -1.88686
3.42e-06 -4.78149e+16
3.435e-06 3.86837e+10
3.45e-06 0.993624
3.465e-06 -3.01217
3.48e-06 0.994813
3.495e-06 1.09926
3.51e-06 -3.10422e+42
3.525e-06 0.999179
3.54e-06 0.997307
3.555e-06 0.999476
3.57e-06 -1.08417e+37
3.585e-06 1.07598
3.6e-06 0.974809
3.615e-06 0.999411
3.63e-06 0.999691
3.645e-06 0.999776
3.66e-06 0.966323
3.675e-06 0.996798
3.69e-06 1.5944e+12
3.705e-06 -7.6636e+09
3.72e-06 0.998998
3.735e-06 0.999409
3.75e-06 0.999186
3.765e-06 -2.88491e+06
3.78e-06 1.57313e+15
3.795e-06 0.997731
3.81e-06 -1.40598
3.825e-06 -7.32819e+34
3.84e-06 -34.6909
3.855e-06 0.996216
3.87e-06 0.896818
3.885e-06 0.998942
3.9e-06 6.70964e+06
3.915e-06 -1.36222e+08
3.93e-06 0.99095
3.945e-06 0.999571
3.96e-06 2.13066e+271
3.975e-06 0.996887
3.99e-06 1.10261e+21
4.005e-06 0.999697
4.02e-06 6.29794e+21
4.035e-06 0.999738
4.05e-06 0.99622
4.065e-06 82762.5
4.08e-06 1.51595e+15
4.095e-06 0.996927
4.11e-06 -3.60594e+17
4.125e-06 0.99999
4.14e-06 0.996904
4.155e-06 "?"
4.17e-06 0.998417
4.185e-06 0.997166
4.2e-06 0.998948
4.215e-06 0.997591
4.23e-06 0.998425
4.245e-06 0.999632
4.26e-06 0.998403
4.275e-06 0.999819
4.29e-06 1.02623
4.305e-06 0.996726
4.32e-06 1.76346
4.335e-06 0.994741
4.35e-06 0.999177
4.365e-06 0.999774
4.38e-06 -3.97439e+79
4.395e-06 0.99745
4.41e-06 0.993522
4.425e-06 0.998344
4.44e-06 -2.06316e+31
4.455e-06 0.999914
4.47e-06 0.999956
4.485e-06 0.992027
4.5e-06 0.995873
4.515e-06 0.997799
4.53e-06 0.99876
4.545e-06 0.999221
4.56e-06 0.9994
4.575e-06 0.999369
4.59e-06 0.999038
4.605e-06 0.997957
4.62e-06 0.994427
4.635e-06 0.999976
4.65e-06 1.56081e+172
4.665e-06 0.994723
4.68e-06 0.992314
4.695e-06 0.991596
4.71e-06 0.999601
4.725e-06 -2.96446e+14
4.74e-06 0.998794
4.755e-06 0.999941
4.77e-06 1
4.785e-06 0.999405
4.8e-06 0.998683
4.815e-06 0.998186
4.83e-06 -4.60748e+56
4.845e-06 6.31273e+39
4.86e-06 0.999721
4.875e-06 0.996883
4.89e-06 -4.455e+57
4.905e-06 -6.42318e+18
4.92e-06 0.999838
4.935e-06 -21.3862
4.95e-06 0.999491
4.965e-06 -10.3299
4.98e-06 -1.27443e+08
4.995e-06 0.999861
5.01e-06 0
5.025e-06 0
5.04e-06 0
5.055e-06 0
5.07e-06 0
5.085e-06 0
5.1e-06 0
5.115e-06 0
5.13e-06 0
5.145e-06 0
5.16e-06 0
5.175e-06 0
5.19e-06 0
5.205e-06 0
5.22e-06 0
5.235e-06 0
5.25e-06 0
5.265e-06 0
5.28e-06 0
5.295e-06 0
5.31e-06 0
5.325e-06 0
5.34e-06 0
5.355e-06 0
5.37e-06 0
5.385e-06 0
5.4e-06 0
5.415e-06 0
5.43e-06 0
5.445e-06 0
5.46e-06 0
5.475e-06 0
5.49e-06 0
5.505e-06 0
5.52e-06 0
5.535e-06 0
5.55e-06 0
5.565e-06 0
5.58e-06 0
5.595e-06 0
5.61e-06 0
5.625e-06 0
5.64e-06 0
5.655e-06 0
5.67e-06 0
5.685e-06 0
5.7e-06 0
5.715e-06 0
5.73e-06 0
5.745e-06 0
5.76e-06 0
5.775e-06 0
5.79e-06 0
5.805e-06 0
5.82e-06 0
5.835e-06 0
5.85e-06 0
5.865e-06 0
5.88e-06 0
5.895e-06 0
5.91e-06 0
5.925e-06 0
5.94e-06 0
5.955e-06 0
5.97e-06 0
5.985e-06 0
6e-06 0
6.015e-06 0
6.03e-06 0
6.045e-06 0
6.06e-06 0
6.075e-06 0
6.09e-06 0
6.105e-06 0
6.12e-06 0
6.135e-06 0
6.15e-06 0
6.165e-06 0
6.18e-06 0
6.195e-06 0
6.21e-06 0
6.225e-06 0
6.24e-06 0
6.255e-06 0
6.27e-06 0
6.285e-06 0
6.3e-06 0
6.315e-06 0
6.33e-06 0
6.345e-06 0
6.36e-06 0
6.375e-06 0
6.39e-06 0
6.405e-06 0
6.42e-06 0
6.435e-06 0
6.45e-06 0
6.465e-06 0
6.48e-06 0
6.495e-06 0
6.51e-06 0
6.525e-06 0
6.54e-06 0
6.555e-06 0
6.57e-06 0
6.585e-06 0
6.6e-06 0
6.615e-06 0
6.63e-06 0
6.645e-06 0
6.66e-06 0
6.675e-06 0
6.69e-06 0
6.705e-06 0
6.72e-06 0
6.735e-06 0
6.75e-06 0
6.765e-06 0
6.78e-06 0
6.795e-06 0
6.81e-06 0
6.825e-06 0
6.84e-06 0
6.855e-06 0
6.87e-06 0
6.885e-06 0
6.9e-06 0
6.915e-06 0
6.93e-06 0
6.945e-06 0
6.96e-06 0
6.975e-06 0
6.99e-06 0
7.005e-06 0
7.02e-06 0
7.035e-06 0
7.05e-06 0
7.065e-06 0
7.08e-06 0
7.095e-06 0
7.11e-06 0
7.125e-06 0
7.14e-06 0
7.155e-06 0
7.17e-06 0
7.185e-06 0
7.2e-06 0
7.215e-06 0
7.23e-06 0
7.245e-06 0
7.26e-06 0
7.275e-06 0
7.29e-06 0
7.305e-06 0
7.32e-06 0
7.335e-06 0
7.35e-06 0
7.365e-06 0
7.38e-06 0
7.395e-06 0
7.41e-06 0
7.425e-06 0
7.44e-06 0
7.455e-06 0
7.47e-06 0
7.485e-06 0
7.5e-06 0
7.515e-06 0
7.53e-06 0
7.545e-06 0
7.56e-06 0
7.575e-06 0
7.59e-06 0
7.605e-06 0
7.62e-06 0
7.635e-06 0
7.65e-06 0
7.665e-06 0
7.68e-06 0
7.695e-06 0
7.71e-06 0
7.725e-06 0
7.74e-06 0
7.755e-06 0
7.77e-06 0
7.785e-06 0
7.8e-06 0
7.815e-06 0
7.83e-06 0
7.845e-06 0
7.86e-06 0
7.875e-06 0
7.89e-06 0
7.905e-06 0
7.92e-06 0
7.935e-06 0
7.95e-06 0
7.965e-06 0
7.98e-06 0
7.995e-06 0
8.01e-06 0
8.025e-06 0
8.04e-06 0
8.055e-06 0
8.07e-06 0
8.085e-06 0
8.1e-06 0
8.115e-06 0
8.13e-06 0
8.145e-06 0
8.16e-06 0
8.175e-06 0
8.19e-06 0
8.205e-06 0
8.22e-06 0
8.235e-06 0
8.25e-06 0
8.265e-06 0
8.28e-06 0
8.295e-06 0
8.31e-06 0
8.325e-06 0
8.34e-06 0
8.355e-06 0
8.37e-06 0
8.385e-06 0
8.4e-06 0
8.415e-06 0
8.43e-06 0
8.445e-06 0
8.46e-06 0
8.475e-06 0
8.49e-06 0
8.505e-06 0
8.52e-06 0
8.535e-06 0
8.55e-06 0
8.565e-06 0
8.58e-06 0
8.595e-06 0
8.61e-06 0
8.625e-06 0
8.64e-06 0
8.655e-06 0
8.67e-06 0
8.685e-06 0
8.7e-06 0
8.715e-06 0
8.73e-06 0
8.745e-06 0
8.76e-06 0
8.775e-06 0
8.79e-06 0
8.805e-06 0
8.82e-06 0
8.835e-06 0
8.85e-06 0
8.865e-06 0
8.88e-06 0
8.895e-06 0
8.91e-06 0
8.925e-06 0
8.94e-06 0
8.955e-06 0
8.97e-06 0
8.985e-06 0
9e-06 0
9.015e-06 0
9.03e-06 0
9.045e-06 0
9.06e-06 0
9.075e-06 0
9.09e-06 0
9.105e-06 0
9.12e-06 0
9.135e-06 0
9.15e-06 0
9.165e-06 0
9.18e-06 0
9.195e-06 0
9.21e-06 0
9.225e-06 0
9.24e-06 0
9.255e-06 0
9.27e-06 0
9.285e-06 0
9.3e-06 0
9.315e-06 0
9.33e-06 0
9.345e-06 0
9.36e-06 0
9.375e-06 0
9.39e-06 0
9.405e-06 0
9.42e-06 0
9.435e-06 0
9.45e-06 0
9.465e-06 0
9.48e-06 0
9.495e-06 0
9.51e-06 0
9.525e-06 0
9.54e-06 0
9.555e-06 0
9.57e-06 0
9.585e-06 0
9.6e-06 0
9.615e-06 0
9.63e-06 0
9.645e-06 0
9.66e-06 0
9.675e-06 0
9.69e-06 0
9.705e-06 0
9.72e-06 0
9.735e-06 0
9.75e-06 0
9.765e-06 0
9.78e-06 0
9.795e-06 0
9.81e-06 0
9.825e-06 0
9.84e-06 0
9.855e-06 0
9.87e-06 0
9.885e-06 0
9.9e-06 0
9.915e-06 0
9.93e-06 0
9.945e-06 0
9.96e-06 0
9.975e-06 0
9.99e-06 0
1.0005e-05 0
1.002e-05 0
1.0035e-05 0
1.005e-05 0
1.0065e-05 0
1.008e-05 0
1.0095e-05 0
1.011e-05 0
1.0125e-05 0
1.014e-05 0
1.0155e-05 0
1.017e-05 0
1.0185e-05 0
1.02e-05 0
1.0215e-05 0
1.023e-05 0
1.0245e-05 0
1.026e-05 0
1.0275e-05 0
1.029e-05 0
1.0305e-05 0
1.032e-05 0
1.0335e-05 0
1.035e-05 0
1.0365e-05 0
1.038e-05 0
1.0395e-05 0
1.041e-05 0
1.0425e-05 0
1.044e-05 0
1.0455e-05 0
1.047e-05 0
1.0485e-05 0
1.05e-05 0
1.0515e-05 0
1.053e-05 0
1.0545e-05 0
1.056e-05 0
1.0575e-05 0
1.059e-05 0
1.0605e-05 0
1.062e-05 0
1.0635e-05 0
1.065e-05 0
1.0665e-05 0
1.068e-05 0
1.0695e-05 0
1.071e-05 0
1.0725e-05 0
1.074e-05 0
1.0755e-05 0
1.077e-05 0
1.0785e-05 0
1.08e-05 0
1.0815e-05 0
1.083e-05 0
1.0845e-05 0
1.086e-05 0
1.0875e-05 0
1.089e-05 0
1.0905e-05 0
1.092e-05 0
1.0935e-05 0
1.095e-05 0
1.0965e-05 0
1.098e-05 0
1.0995e-05 0
1.101e-05 0
1.1025e-05 0
1.104e-05 0
1.1055e-05 0
1.107e-05 0
1.1085e-05 0
1.11e-05 0
1.1115e-05 0
1.113e-05 0
1.1145e-05 0
1.116e-05 0
1.1175e-05 0
1.119e-05 0
1.1205e-05 0
1.122e-05 0
1.1235e-05 0
1.125e-05 0
1.1265e-05 0
1.128e-05 0
1.1295e-05 0
1.131e-05 0
1.1325e-05 0
1.134e-05 0
1.1355e-05 0
1.137e-05 0
1.1385e-05 0
1.14e-05 0
1.1415e-05 0
1.143e-05 0
1.1445e-05 0
1.146e-05 0
1.1475e-05 0
1.149e-05 0
1.1505e-05 0
1.152e-05 0
1.1535e-05 0
1.155e-05 0
1.1565e-05 0
1.158e-05 0
1.1595e-05 0
1.161e-05 0
1.1625e-05 0
1.164e-05 0
1.1655e-05 0
1.167e-05 0
1.1685e-05 0
1.17e-05 0
1.1715e-05 0
1.173e-05 0
1.1745e-05 0
1.176e-05 0
1.1775e-05 0
1.179e-05 0
1.1805e-05 0
1.182e-05 0
1.1835e-05 0
1.185e-05 0
1.1865e-05 0
1.188e-05 0
1.1895e-05 0
1.191e-05 0
1.1925e-05 0
1.194e-05 0
1.1955e-05 0
1.197e-05 0
1.1985e-05 0
1.2e-05 0
1.2015e-05 0
1.203e-05 0
1.2045e-05 0
1.206e-05 0
1.2075e-05 0
1.209e-05 0
1.2105e-05 0
1.212e-05 0
1.2135e-05 0
1.215e-05 0
1.2165e-05 0
1.218e-05 0
1.2195e-05 0
1.221e-05 0
1.2225e-05 0
1.224e-05 0
1.2255e-05 0
1.227e-05 0
1.2285e-05 0
1.23e-05 0
1.2315e-05 0
1.233e-05 0
1.2345e-05 0
1.236e-05 0
1.2375e-05 0
1.239e-05 0
1.2405e-05 0
1.242e-05 0
1.2435e-05 0
1.245e-05 0
1.2465e-05 0
1.248e-05 0
1.2495e-05 0
1.251e-05 0
1.2525e-05 0
1.254e-05 0
1.2555e-05 0
1.257e-05 0
1.2585e-05 0
1.26e-05 0
1.2615e-05 0
1.263e-05 0
1.2645e-05 0
1.266e-05 0
1.2675e-05 0
1.269e-05 0
1.2705e-05 0
1.272e-05 0
1.2735e-05 0
1.275e-05 0
1.2765e-05 0
1.278e-05 0
1.2795e-05 0
1.281e-05 0
1.2825e-05 0
1.284e-05 0
1.2855e-05 0
1.287e-05 0
1.2885e-05 0
1.29e-05 0
1.2915e-05 0
1.293e-05 0
1.2945e-05 0
1.296e-05 0
1.2975e-05 0
1.299e-05 0
1.3005e-05 0
1.302e-05 0
1.3035e-05 0
1.305e-05 0
1.3065e-05 0
1.308e-05 0
1.3095e-05 0
1.311e-05 0
1.3125e-05 0
1.314e-05 0
1.3155e-05 0
1.317e-05 0
1.3185e-05 0
1.32e-05 0
1.3215e-05 0
1.323e-05 0
1.3245e-05 0
1.326e-05 0
1.3275e-05 0
1.329e-05 0
1.3305e-05 0
1.332e-05 0
1.3335e-05 0
1.335e-05 0
1.3365e-05 0
1.338e-05 0
1.3395e-05 0
1.341e-05 0
1.3425e-05 0
1.344e-05 0
1.3455e-05 0
1.347e-05 0
1.3485e-05 0
1.35e-05 0
1.3515e-05 0
1.353e-05 0
1.3545e-05 0
1.356e-05 0
1.3575e-05 0
1.359e-05 0
1.3605e-05 0
1.362e-05 0
1.3635e-05 0
1.365e-05 0
1.3665e-05 0
1.368e-05 0
1.3695e-05 0
1.371e-05 0
1.3725e-05 0
1.374e-05 0
1.3755e-05 0
1.377e-05 0
1.3785e-05 0
1.38e-05 0
1.3815e-05 0
1.383e-05 0
1.3845e-05 0
1.386e-05 0
1.3875e-05 0
1.389e-05 0
1.3905e-05 0
1.392e-05 0
1.3935e-05 0
1.395e-05 0
1.3965e-05 0
1.398e-05 0
1.3995e-05 0
1.401e-05 0
1.4025e-05 0
1.404e-05 0
1.4055e-05 0
1.407e-05 0
1.4085e-05 0
1.41e-05 0
1.4115e-05 0
1.413e-05 0
1.4145e-05 0
1.416e-05 0
1.4175e-05 0
1.419e-05 0
1.4205e-05 0
1.422e-05 0
1.4235e-05 0
1.425e-05 0
1.4265e-05 0
1.428e-05 0
1.4295e-05 0
1.431e-05 0
1.4325e-05 0
1.434e-05 0
1.4355e-05 0
1.437e-05 0
1.4385e-05 0
1.44e-05 0
1.4415e-05 0
1.443e-05 0
1.4445e-05 0
1.446e-05 0
1.4475e-05 0
1.449e-05 0
1.4505e-05 0
1.452e-05 0
1.4535e-05 0
1.455e-05 0
1.4565e-05 0
1.458e-05 0
1.4595e-05 0
1.461e-05 0
1.4625e-05 0
1.464e-05 0
1.4655e-05 0
1.467e-05 0
1.4685e-05 0
1.47e-05 0
1.4715e-05 0
1.473e-05 0
1.4745e-05 0
1.476e-05 0
1.4775e-05 0
1.479e-05 0
1.4805e-05 0
1.482e-05 0
1.4835e-05 0
1.485e-05 0
1.4865e-05 0
1.488e-05 0
1.4895e-05 0
1.491e-05 0
1.4925e-05 0
1.494e-05 0
1.4955e-05 0
1.497e-05 0
1.4985e-05 0
1.5e-05 0


